16 109
0 X 1 15 0
1 X 1 5 0
2 X 1 2 0
3 CNOT 2 13 10 0 
4 X 1 15 1 0
5 X 1 11 0
6 CNOT 2 14 8 0 
7 CNOT 2 6 7 0 
8 CNOT 2 10 4 1 3 
9 CNOT 2 5 3 1 1 
10 X 1 15 1 4
11 X 1 1 0
12 X 1 14 1 6
13 X 1 8 1 6
14 X 1 11 1 5
15 CNOT 2 9 0 0 
16 X 1 15 1 10
17 X 1 13 1 3
18 X 1 5 1 9
19 X 1 1 1 11
20 CNOT 2 4 11 2 8 14 
21 CNOT 2 10 2 2 8 2 
22 X 1 15 1 16
23 X 1 6 1 7
24 X 1 10 1 21
25 X 1 9 1 15
26 X 1 13 1 17
27 CNOT 2 2 12 1 21 
28 CNOT 2 0 8 2 15 13 
29 CNOT 2 11 7 2 20 7 
30 CNOT 2 14 4 2 12 20 
31 CNOT 2 1 5 2 19 18 
32 X 1 15 1 22
33 X 1 7 1 29
34 X 1 13 1 26
35 X 1 9 1 25
36 X 1 2 1 27
37 CNOT 2 1 5 2 31 31 
38 CNOT 2 4 11 2 30 29 
39 X 1 3 1 9
40 X 1 13 1 34
41 X 1 8 1 28
42 CNOT 2 15 6 2 32 23 
43 CNOT 2 9 0 2 35 28 
44 CNOT 2 1 5 2 37 37 
45 CNOT 2 4 11 2 38 38 
46 X 1 2 1 36
47 X 1 6 1 42
48 X 1 10 1 24
49 X 1 13 1 40
50 CNOT 2 12 15 2 27 42 
51 CNOT 2 5 3 2 44 39 
52 CNOT 2 0 8 2 43 41 
53 CNOT 2 14 4 2 30 45 
54 CNOT 2 11 7 2 45 33 
55 X 1 15 1 50
56 X 1 6 1 47
57 X 1 12 1 50
58 X 1 2 1 46
59 X 1 1 1 44
60 CNOT 2 14 8 2 53 52 
61 CNOT 2 4 11 2 53 54 
62 CNOT 2 9 0 2 43 52 
63 X 1 9 1 62
64 X 1 11 1 61
65 X 1 13 1 49
66 X 1 4 1 61
67 X 1 8 1 60
68 X 1 12 1 57
69 X 1 2 1 58
70 X 1 10 1 48
71 X 1 0 1 62
72 CNOT 2 15 6 2 55 56 
73 CNOT 2 1 5 2 59 51 
74 X 1 5 1 73
75 X 1 8 1 67
76 X 1 2 1 69
77 CNOT 2 12 15 2 68 72 
78 CNOT 2 13 10 2 65 70 
79 CNOT 2 6 7 2 72 54 
80 CNOT 2 4 11 2 66 64 
81 X 1 1 1 73
82 X 1 13 1 78
83 X 1 8 1 75
84 X 1 4 1 80
85 CNOT 2 12 15 2 77 77 
86 CNOT 2 5 3 2 74 51 
87 CNOT 2 9 0 2 63 71 
88 X 1 15 1 85
89 X 1 5 1 86
90 CNOT 2 0 8 2 87 83 
91 CNOT 2 1 9 2 81 87 
92 CNOT 2 13 10 2 82 78 
93 CNOT 2 4 11 2 84 80 
94 CNOT 2 2 12 2 76 85 
95 X 1 15 1 88
96 X 1 14 1 60
97 X 1 2 1 94
98 X 1 5 1 89
99 X 1 3 1 86
100 CNOT 2 10 4 2 92 93 
101 CNOT 2 11 7 2 93 79 
102 X 1 15 1 95
103 X 1 11 1 101
104 X 1 6 1 79
105 X 1 4 1 100
106 X 1 0 1 90
107 X 1 8 1 90
108 CNOT 2 5 3 2 98 99 
