9 75
0 H 1 5 0
1 H 1 6 0
2 H 1 7 0
3 H 1 8 0
4 CNOT 2 1 5 1 0 
5 T 1 5 1 4
6 CNOT 2 0 5 1 5 
7 T 1 5 1 6
8 CNOT 2 1 5 2 4 7 
9 T 1 5 1 8
10 CNOT 2 0 5 2 6 9 
11 T 1 5 1 10
12 H 1 5 1 11
13 CNOT 2 5 6 2 12 1 
14 T 1 6 1 13
15 CNOT 2 2 6 1 14 
16 T 1 6 1 15
17 CNOT 2 5 6 2 13 16 
18 T 1 6 1 17
19 CNOT 2 2 6 2 15 18 
20 T 1 6 1 19
21 H 1 6 1 20
22 CNOT 2 6 7 2 21 2 
23 T 1 7 1 22
24 CNOT 2 3 7 1 23 
25 T 1 7 1 24
26 CNOT 2 6 7 2 22 25 
27 T 1 7 1 26
28 CNOT 2 3 7 2 24 27 
29 T 1 7 1 28
30 H 1 7 1 29
31 CNOT 2 7 8 2 30 3 
32 T 1 8 1 31
33 CNOT 2 4 8 1 32 
34 T 1 8 1 33
35 CNOT 2 7 8 2 31 34 
36 T 1 8 1 35
37 CNOT 2 4 8 2 33 36 
38 CNOT 2 4 7 2 37 35 
39 T 1 8 1 37
40 T 1 7 1 38
41 H 1 8 1 39
42 CNOT 2 4 7 2 38 40 
43 T 1 4 1 42
44 T 1 7 1 42
45 H 1 7 1 44
46 CNOT 2 6 7 2 26 45 
47 T 1 7 1 46
48 CNOT 2 3 7 2 28 47 
49 T 1 7 1 48
50 CNOT 2 6 7 2 46 49 
51 H 1 6 1 50
52 T 1 7 1 50
53 CNOT 2 3 7 2 48 52 
54 CNOT 2 5 6 2 17 51 
55 T 1 6 1 54
56 T 1 7 1 53
57 CNOT 2 2 6 2 19 55 
58 H 1 7 1 56
59 T 1 6 1 57
60 CNOT 2 5 6 2 54 59 
61 H 1 5 1 60
62 T 1 6 1 60
63 CNOT 2 1 5 2 8 61 
64 CNOT 2 2 6 2 57 62 
65 T 1 5 1 63
66 T 1 6 1 64
67 CNOT 2 0 5 2 10 65 
68 H 1 6 1 66
69 T 1 5 1 67
70 CNOT 2 1 5 2 63 69 
71 T 1 5 1 70
72 CNOT 2 0 5 2 67 71 
73 T 1 5 1 72
74 H 1 5 1 73
