16 37
0 X 1 2 0
1 X 1 11 0
2 X 1 1 0
3 X 1 13 0
4 X 1 0 0
5 X 1 14 0
6 X 1 6 0
7 CNOT 2 3 9 0 
8 CNOT 2 8 12 0 
9 X 1 2 1 0
10 X 1 9 1 7
11 X 1 7 0
12 X 1 3 1 7
13 X 1 4 0
14 X 1 1 1 2
15 X 1 15 0
16 CNOT 2 10 11 1 1 
17 CNOT 2 8 12 2 8 8 
18 CNOT 2 14 6 2 5 6 
19 X 1 1 1 14
20 X 1 12 1 17
21 CNOT 2 8 2 2 17 9 
22 CNOT 2 3 9 2 12 10 
23 CNOT 2 5 4 1 13 
24 CNOT 2 6 0 2 18 4 
25 CNOT 2 14 10 2 18 16 
26 X 1 10 1 25
27 CNOT 2 8 12 2 21 20 
28 CNOT 2 14 6 2 25 24 
29 CNOT 2 1 4 2 19 23 
30 X 1 15 1 15
31 X 1 1 1 29
32 X 1 6 1 28
33 X 1 9 1 22
34 X 1 0 1 24
35 CNOT 2 8 12 2 27 27 
36 CNOT 2 14 10 2 28 26 
