9 104
0 T 1 5 0
1 T 1 6 0
2 T 1 7 0
3 H 1 8 0
4 CNOT 2 7 8 2 2 3 
5 T 1 8 1 4
6 CNOT 2 4 8 1 5 
7 T 1 8 1 6
8 CNOT 2 7 8 2 4 7 
9 CNOT 2 4 7 2 6 8 
10 T 1 7 1 9
11 CNOT 2 4 7 2 9 10 
12 H 1 7 1 11
13 CNOT 2 6 7 2 1 12 
14 T 1 7 1 13
15 CNOT 2 3 7 1 14 
16 T 1 7 1 15
17 CNOT 2 6 7 2 13 16 
18 CNOT 2 3 6 2 15 17 
19 T 1 6 1 18
20 CNOT 2 3 6 2 18 19 
21 H 1 6 1 20
22 CNOT 2 5 6 2 0 21 
23 T 1 6 1 22
24 CNOT 2 2 6 1 23 
25 T 1 6 1 24
26 CNOT 2 5 6 2 22 25 
27 CNOT 2 2 5 2 24 26 
28 T 1 5 1 27
29 CNOT 2 2 5 2 27 28 
30 H 1 5 1 29
31 CNOT 2 1 5 1 30 
32 T 1 5 1 31
33 CNOT 2 0 5 1 32 
34 T 1 5 1 33
35 CNOT 2 1 5 2 31 34 
36 T 1 5 1 35
37 CNOT 2 0 5 2 33 36 
38 T 1 5 1 37
39 H 1 5 1 38
40 CNOT 2 5 6 2 39 26 
41 T 1 6 1 40
42 CNOT 2 2 6 2 29 41 
43 T 1 6 1 42
44 CNOT 2 5 6 2 40 43 
45 H 1 6 1 44
46 CNOT 2 6 7 2 45 17 
47 T 1 7 1 46
48 CNOT 2 3 7 2 20 47 
49 T 1 7 1 48
50 CNOT 2 6 7 2 46 49 
51 H 1 7 1 50
52 CNOT 2 7 8 2 51 8 
53 T 1 8 1 52
54 CNOT 2 4 8 2 11 53 
55 T 1 8 1 54
56 CNOT 2 7 8 2 52 55 
57 CNOT 2 4 7 2 54 56 
58 H 1 8 1 56
59 T 1 7 1 57
60 CNOT 2 4 7 2 57 59 
61 T 1 7 1 60
62 H 1 7 1 61
63 CNOT 2 6 7 2 50 62 
64 T 1 7 1 63
65 CNOT 2 3 7 2 48 64 
66 T 1 7 1 65
67 CNOT 2 6 7 2 63 66 
68 H 1 6 1 67
69 CNOT 2 5 6 2 44 68 
70 T 1 6 1 69
71 CNOT 2 2 6 2 42 70 
72 T 1 6 1 71
73 CNOT 2 5 6 2 69 72 
74 H 1 5 1 73
75 CNOT 2 1 5 2 35 74 
76 T 1 5 1 75
77 CNOT 2 0 5 2 37 76 
78 T 1 5 1 77
79 CNOT 2 1 5 2 75 78 
80 T 1 5 1 79
81 CNOT 2 0 5 2 77 80 
82 T 1 5 1 81
83 H 1 5 1 82
84 CNOT 2 5 6 2 83 73 
85 T 1 6 1 84
86 CNOT 2 2 6 2 71 85 
87 T 1 6 1 86
88 CNOT 2 5 6 2 84 87 
89 CNOT 2 2 5 2 86 88 
90 H 1 6 1 88
91 T 1 5 1 89
92 CNOT 2 6 7 2 90 67 
93 CNOT 2 2 5 2 89 91 
94 T 1 7 1 92
95 CNOT 2 3 7 2 65 94 
96 T 1 5 1 93
97 T 1 7 1 95
98 CNOT 2 6 7 2 92 97 
99 CNOT 2 3 6 2 95 98 
100 H 1 7 1 98
101 T 1 6 1 99
102 CNOT 2 3 6 2 99 101 
103 T 1 6 1 102
