7 72
0 T 1 4 0
1 T 1 5 0
2 H 1 6 0
3 CNOT 2 5 6 2 1 2 
4 T 1 6 1 3
5 CNOT 2 3 6 1 4 
6 T 1 6 1 5
7 CNOT 2 5 6 2 3 6 
8 CNOT 2 3 5 2 5 7 
9 T 1 5 1 8
10 CNOT 2 3 5 2 8 9 
11 H 1 5 1 10
12 CNOT 2 4 5 2 0 11 
13 T 1 5 1 12
14 CNOT 2 2 5 1 13 
15 T 1 5 1 14
16 CNOT 2 4 5 2 12 15 
17 CNOT 2 2 4 2 14 16 
18 T 1 4 1 17
19 CNOT 2 2 4 2 17 18 
20 H 1 4 1 19
21 CNOT 2 1 4 1 20 
22 T 1 4 1 21
23 CNOT 2 0 4 1 22 
24 T 1 4 1 23
25 CNOT 2 1 4 2 21 24 
26 T 1 4 1 25
27 CNOT 2 0 4 2 23 26 
28 T 1 4 1 27
29 H 1 4 1 28
30 CNOT 2 4 5 2 29 16 
31 T 1 5 1 30
32 CNOT 2 2 5 2 19 31 
33 T 1 5 1 32
34 CNOT 2 4 5 2 30 33 
35 H 1 5 1 34
36 CNOT 2 5 6 2 35 7 
37 T 1 6 1 36
38 CNOT 2 3 6 2 10 37 
39 T 1 6 1 38
40 CNOT 2 5 6 2 36 39 
41 CNOT 2 3 5 2 38 40 
42 H 1 6 1 40
43 T 1 5 1 41
44 CNOT 2 3 5 2 41 43 
45 T 1 5 1 44
46 H 1 5 1 45
47 CNOT 2 4 5 2 34 46 
48 T 1 5 1 47
49 CNOT 2 2 5 2 32 48 
50 T 1 5 1 49
51 CNOT 2 4 5 2 47 50 
52 H 1 4 1 51
53 CNOT 2 1 4 2 25 52 
54 T 1 4 1 53
55 CNOT 2 0 4 2 27 54 
56 T 1 4 1 55
57 CNOT 2 1 4 2 53 56 
58 T 1 4 1 57
59 CNOT 2 0 4 2 55 58 
60 T 1 4 1 59
61 H 1 4 1 60
62 CNOT 2 4 5 2 61 51 
63 T 1 5 1 62
64 CNOT 2 2 5 2 49 63 
65 T 1 5 1 64
66 CNOT 2 4 5 2 62 65 
67 CNOT 2 2 4 2 64 66 
68 H 1 5 1 66
69 T 1 4 1 67
70 CNOT 2 2 4 2 67 69 
71 T 1 4 1 70
