10 89
0 H 1 3 0
1 H 1 6 0
2 T 1 7 0
3 T 1 8 0
4 H 1 9 0
5 CNOT 2 2 3 1 0 
6 CNOT 2 5 6 1 1 
7 CNOT 2 8 9 2 3 4 
8 T 1 3 1 5
9 T 1 6 1 6
10 T 1 9 1 7
11 CNOT 2 1 3 1 8 
12 CNOT 2 4 6 1 9 
13 CNOT 2 7 9 2 2 10 
14 CNOT 2 2 3 2 5 11 
15 CNOT 2 5 6 2 6 12 
16 CNOT 2 8 9 2 7 13 
17 T 1 3 1 14
18 T 1 6 1 15
19 T 1 9 1 16
20 CNOT 2 1 3 2 11 17 
21 CNOT 2 4 6 2 12 18 
22 CNOT 2 7 9 2 13 19 
23 CNOT 2 1 2 2 20 14 
24 CNOT 2 4 5 2 21 15 
25 CNOT 2 7 8 2 22 16 
26 CNOT 2 2 3 2 23 20 
27 CNOT 2 5 6 2 24 21 
28 CNOT 2 8 9 2 25 22 
29 CNOT 2 0 3 1 26 
30 T 1 3 1 29
31 CNOT 2 2 3 2 26 30 
32 T 1 3 1 31
33 CNOT 2 0 3 2 29 32 
34 S 1 3 1 33
35 H 1 3 1 34
36 CNOT 2 3 6 2 35 27 
37 T 1 6 1 36
38 CNOT 2 5 6 2 27 37 
39 T 1 6 1 38
40 CNOT 2 3 6 2 36 39 
41 S 1 6 1 40
42 H 1 6 1 41
43 T 1 6 1 42
44 CNOT 2 6 9 2 43 28 
45 T 1 9 1 44
46 CNOT 2 8 9 2 28 45 
47 T 1 9 1 46
48 CNOT 2 6 9 2 44 47 
49 CNOT 2 6 8 2 48 46 
50 S 1 9 1 48
51 H 1 6 1 49
52 T 1 8 1 49
53 H 1 9 1 50
54 S 1 6 1 51
55 CNOT 2 5 6 2 38 54 
56 CNOT 2 3 6 2 40 55 
57 T 1 6 1 56
58 CNOT 2 5 6 2 55 57 
59 CNOT 2 4 5 2 24 58 
60 T 1 6 1 58
61 CNOT 2 3 6 2 56 60 
62 CNOT 2 5 6 2 59 61 
63 T 1 6 1 62
64 CNOT 2 4 6 2 59 63 
65 CNOT 2 5 6 2 62 64 
66 CNOT 2 3 5 2 61 65 
67 T 1 6 1 65
68 H 1 3 1 66
69 CNOT 2 4 6 2 64 67 
70 S 1 3 1 68
71 CNOT 2 4 5 2 69 66 
72 H 1 6 1 69
73 CNOT 2 2 3 2 31 70 
74 CNOT 2 0 3 2 33 73 
75 T 1 3 1 74
76 CNOT 2 2 3 2 73 75 
77 CNOT 2 1 2 2 23 76 
78 T 1 3 1 76
79 CNOT 2 0 3 2 74 78 
80 CNOT 2 2 3 2 77 79 
81 T 1 3 1 80
82 CNOT 2 1 3 2 77 81 
83 CNOT 2 2 3 2 80 82 
84 CNOT 2 0 2 2 79 83 
85 T 1 3 1 83
86 CNOT 2 1 3 2 82 85 
87 CNOT 2 1 2 2 86 84 
88 H 1 3 1 86
