16 73
0 X 1 0 0
1 X 1 2 0
2 X 1 10 0
3 X 1 9 0
4 X 1 7 0
5 CNOT 2 14 12 0 
6 CNOT 2 13 6 0 
7 X 1 0 1 0
8 X 1 7 1 4
9 X 1 11 0
10 X 1 4 0
11 X 1 5 0
12 CNOT 2 12 1 1 5 
13 CNOT 2 6 10 2 6 2 
14 X 1 7 1 8
15 CNOT 2 0 11 2 7 9 
16 CNOT 2 12 1 2 12 12 
17 CNOT 2 9 5 2 3 11 
18 CNOT 2 2 8 1 1 
19 X 1 10 1 13
20 X 1 9 1 17
21 X 1 4 1 10
22 X 1 8 1 18
23 X 1 3 0
24 CNOT 2 11 14 2 15 5 
25 CNOT 2 15 2 1 18 
26 CNOT 2 12 7 2 16 14 
27 CNOT 2 13 0 2 6 15 
28 X 1 11 1 24
29 X 1 7 1 26
30 X 1 3 1 23
31 X 1 12 1 26
32 X 1 14 1 24
33 X 1 8 1 22
34 CNOT 2 6 10 2 13 19 
35 CNOT 2 13 0 2 27 27 
36 X 1 11 1 28
37 X 1 8 1 33
38 X 1 1 1 16
39 X 1 14 1 32
40 X 1 13 1 35
41 CNOT 2 12 7 2 31 29 
42 CNOT 2 3 5 2 30 17 
43 X 1 9 1 20
44 X 1 10 1 34
45 CNOT 2 11 14 2 36 39 
46 CNOT 2 12 1 2 41 38 
47 CNOT 2 2 8 2 25 37 
48 X 1 11 1 45
49 X 1 2 1 47
50 X 1 4 1 21
51 X 1 15 1 25
52 X 1 8 1 47
53 X 1 14 1 45
54 CNOT 2 13 6 2 40 34 
55 CNOT 2 7 9 2 41 43 
56 CNOT 2 12 1 2 46 46 
57 X 1 11 1 48
58 X 1 7 1 55
59 X 1 9 1 55
60 X 1 1 1 56
61 CNOT 2 14 12 2 53 56 
62 CNOT 2 13 6 2 54 54 
63 CNOT 2 3 5 2 42 42 
64 CNOT 2 8 4 2 52 50 
65 X 1 11 1 57
66 X 1 12 1 61
67 X 1 0 1 35
68 X 1 10 1 44
69 X 1 14 1 61
70 CNOT 2 7 9 2 58 59 
71 CNOT 2 3 5 2 63 63 
72 CNOT 2 8 4 2 64 64 
