9 91
0 H 1 6 0
1 H 1 7 0
2 H 1 8 0
3 CNOT 2 0 7 1 1 
4 T 1 7 1 3
5 CNOT 2 2 7 1 4 
6 T 1 7 1 5
7 CNOT 2 0 7 2 3 6 
8 T 1 7 1 7
9 CNOT 2 2 7 2 5 8 
10 CNOT 2 2 0 2 9 7 
11 T 1 7 1 9
12 S 1 0 1 10
13 H 1 7 1 11
14 T 1 0 1 12
15 CNOT 2 7 6 2 13 0 
16 CNOT 2 2 0 2 10 14 
17 T 1 6 1 15
18 CNOT 2 1 6 1 17 
19 CNOT 2 2 8 2 16 2 
20 T 1 6 1 18
21 T 1 8 1 19
22 CNOT 2 0 8 2 16 21 
23 CNOT 2 7 6 2 15 20 
24 T 1 6 1 23
25 T 1 8 1 22
26 CNOT 2 1 6 2 18 24 
27 CNOT 2 2 8 2 19 25 
28 CNOT 2 1 7 2 26 23 
29 T 1 6 1 26
30 T 1 8 1 27
31 CNOT 2 0 8 2 22 30 
32 H 1 6 1 29
33 T 1 7 1 28
34 CNOT 2 1 7 2 28 33 
35 CNOT 2 6 5 1 32 
36 T 1 8 1 31
37 CNOT 2 6 3 1 35 
38 T 1 7 1 34
39 H 1 8 1 36
40 H 1 3 1 37
41 H 1 6 1 37
42 CNOT 2 8 7 2 39 38 
43 CNOT 2 7 3 2 42 40 
44 CNOT 2 8 6 2 42 41 
45 T 1 3 1 43
46 T 1 6 1 44
47 CNOT 2 1 6 2 34 46 
48 T 1 6 1 47
49 CNOT 2 8 6 2 44 48 
50 T 1 6 1 49
51 CNOT 2 1 6 2 47 50 
52 CNOT 2 1 8 2 51 49 
53 T 1 6 1 51
54 H 1 6 1 53
55 T 1 8 1 52
56 CNOT 2 1 8 2 52 55 
57 CNOT 2 6 4 1 54 
58 CNOT 2 1 3 2 56 45 
59 T 1 8 1 56
60 T 1 3 1 58
61 CNOT 2 5 8 2 35 59 
62 CNOT 2 7 3 2 43 60 
63 H 1 5 1 61
64 H 1 8 1 61
65 CNOT 2 2 8 2 27 64 
66 T 1 3 1 62
67 CNOT 2 1 3 2 58 66 
68 T 1 8 1 65
69 CNOT 2 0 8 2 31 68 
70 CNOT 2 1 5 2 67 63 
71 T 1 3 1 67
72 H 1 3 1 71
73 T 1 5 1 70
74 T 1 8 1 69
75 CNOT 2 2 8 2 65 74 
76 CNOT 2 7 5 2 62 73 
77 T 1 2 1 75
78 T 1 5 1 76
79 T 1 8 1 75
80 CNOT 2 0 8 2 69 79 
81 CNOT 2 1 5 2 70 78 
82 T 1 0 1 80
83 T 1 5 1 81
84 T 1 8 1 80
85 CNOT 2 7 5 2 76 83 
86 H 1 8 1 84
87 T 1 5 1 85
88 S 1 7 1 85
89 H 1 5 1 87
90 CNOT 2 5 8 2 89 86 
