14 140
0 CNOT 2 4 3 0 
1 CNOT 2 6 5 0 
2 CNOT 2 8 7 0 
3 CNOT 2 10 9 0 
4 CNOT 2 12 11 0 
5 CNOT 2 4 2 1 0 
6 T 1 11 1 4
7 H 1 2 1 5
8 CNOT 2 6 4 2 1 5 
9 CNOT 2 1 2 1 7 
10 H 1 4 1 8
11 CNOT 2 8 6 2 2 8 
12 T 1 2 1 9
13 CNOT 2 3 4 2 0 10 
14 H 1 6 1 11
15 CNOT 2 10 8 2 3 11 
16 CNOT 2 0 2 1 12 
17 T 1 4 1 13
18 CNOT 2 5 6 2 1 14 
19 H 1 8 1 15
20 CNOT 2 12 10 2 4 15 
21 T 1 2 1 16
22 T 1 6 1 18
23 CNOT 2 7 8 2 2 19 
24 H 1 10 1 20
25 CNOT 2 12 13 1 20 
26 CNOT 2 1 2 2 9 21 
27 T 1 8 1 23
28 CNOT 2 9 10 2 3 24 
29 H 1 13 1 25
30 T 1 2 1 26
31 T 1 10 1 28
32 CNOT 2 11 13 2 6 29 
33 CNOT 2 0 2 2 16 30 
34 T 1 13 1 32
35 T 1 2 1 33
36 H 1 2 1 35
37 CNOT 2 2 4 2 36 17 
38 T 1 4 1 37
39 CNOT 2 3 4 2 13 38 
40 T 1 4 1 39
41 CNOT 2 2 4 2 37 40 
42 CNOT 2 2 3 2 41 39 
43 T 1 4 1 41
44 H 1 4 1 43
45 CNOT 2 4 6 2 44 22 
46 T 1 6 1 45
47 CNOT 2 5 6 2 18 46 
48 T 1 6 1 47
49 CNOT 2 4 6 2 45 48 
50 CNOT 2 4 5 2 49 47 
51 T 1 6 1 49
52 H 1 6 1 51
53 CNOT 2 6 8 2 52 27 
54 T 1 8 1 53
55 CNOT 2 7 8 2 23 54 
56 T 1 8 1 55
57 CNOT 2 6 8 2 53 56 
58 CNOT 2 6 7 2 57 55 
59 T 1 8 1 57
60 H 1 8 1 59
61 CNOT 2 8 10 2 60 31 
62 T 1 10 1 61
63 CNOT 2 9 10 2 28 62 
64 T 1 10 1 63
65 CNOT 2 8 10 2 61 64 
66 CNOT 2 8 9 2 65 63 
67 T 1 10 1 65
68 H 1 10 1 67
69 T 1 10 1 68
70 CNOT 2 10 13 2 69 34 
71 T 1 13 1 70
72 CNOT 2 11 13 2 32 71 
73 T 1 13 1 72
74 CNOT 2 10 13 2 70 73 
75 CNOT 2 10 11 2 74 72 
76 T 1 13 1 74
77 H 1 10 1 75
78 T 1 11 1 75
79 H 1 13 1 76
80 CNOT 2 8 10 2 66 77 
81 T 1 10 1 80
82 CNOT 2 9 10 2 66 81 
83 T 1 10 1 82
84 CNOT 2 8 10 2 80 83 
85 H 1 8 1 84
86 T 1 10 1 84
87 CNOT 2 6 8 2 58 85 
88 CNOT 2 9 10 2 82 86 
89 T 1 8 1 87
90 T 1 10 1 88
91 CNOT 2 7 8 2 58 89 
92 H 1 10 1 90
93 T 1 8 1 91
94 CNOT 2 12 10 2 25 92 
95 CNOT 2 6 8 2 87 93 
96 CNOT 2 12 11 2 94 78 
97 H 1 6 1 95
98 T 1 8 1 95
99 CNOT 2 4 6 2 50 97 
100 CNOT 2 7 8 2 91 98 
101 T 1 6 1 99
102 T 1 8 1 100
103 CNOT 2 5 6 2 50 101 
104 H 1 8 1 102
105 T 1 6 1 103
106 CNOT 2 10 8 2 94 104 
107 CNOT 2 4 6 2 99 105 
108 CNOT 2 10 9 2 106 88 
109 H 1 4 1 107
110 T 1 6 1 107
111 CNOT 2 2 4 2 42 109 
112 CNOT 2 5 6 2 103 110 
113 T 1 4 1 111
114 T 1 6 1 112
115 CNOT 2 3 4 2 42 113 
116 H 1 6 1 114
117 T 1 4 1 115
118 CNOT 2 8 6 2 106 116 
119 CNOT 2 2 4 2 111 117 
120 CNOT 2 8 7 2 118 100 
121 H 1 2 1 119
122 T 1 4 1 119
123 CNOT 2 1 2 2 26 121 
124 CNOT 2 3 4 2 115 122 
125 T 1 2 1 123
126 T 1 4 1 124
127 CNOT 2 0 2 2 33 125 
128 H 1 4 1 126
129 T 1 2 1 127
130 CNOT 2 6 4 2 118 128 
131 CNOT 2 1 2 2 123 129 
132 CNOT 2 6 5 2 130 112 
133 T 1 2 1 131
134 CNOT 2 0 2 2 127 133 
135 CNOT 2 1 0 2 131 134 
136 T 1 2 1 134
137 H 1 2 1 136
138 CNOT 2 4 2 2 130 137 
139 CNOT 2 4 3 2 138 124 
