22
[(1, 21), (1, 11), (1, 7), (21, 3), (21, 19), (3, 15), (3, 14), (15, 9), (15, 13), (14, 17), (14, 10), (17, 5), (17, 18), (0, 20), (0, 13), (0, 6), (20, 9), (20, 6), (4, 18), (4, 10), (4, 16), (18, 16), (2, 5), (2, 9), (2, 11), (5, 8), (11, 12), (8, 16), (8, 7), (7, 10), (19, 13), (19, 12), (6, 12)]
tket depth 29 SWAP 35
our depth 7 SWAP 8

10
[(3, 4), (3, 0), (3, 9), (4, 8), (4, 5), (1, 8), (1, 6), (1, 7), (8, 7), (0, 2), (0, 5), (6, 7), (6, 2), (2, 9), (9, 5)]
tket depth 16 SWAP 6
our depth 6 SWAP 5

12
[(1, 3), (1, 9), (1, 4), (3, 4), (3, 11), (5, 11), (5, 8), (5, 10), (11, 8), (4, 7), (2, 7), (2, 10), (2, 0), (7, 10), (8, 6), (6, 0), (6, 9), (0, 9)]
tket depth 21 SWAP 9
our depth 5 SWAP 5

14
[(6, 12), (6, 3), (6, 10), (12, 13), (12, 7), (3, 4), (3, 9), (4, 5), (4, 1), (13, 7), (13, 0), (5, 10), (5, 1), (10, 0), (8, 9), (8, 2), (8, 11), (9, 11), (0, 2), (2, 7), (11, 1)]
tket depth 20 SWAP 15
our depth 6 SWAP 7

18
[(3, 7), (3, 10), (3, 12), (7, 9), (7, 14), (10, 0), (10, 16), (14, 16), (14, 4), (16, 4), (5, 13), (5, 6), (5, 15), (13, 2), (13, 15), (9, 11), (9, 15), (11, 2), (11, 12), (0, 8), (0, 17), (8, 6), (8, 1), (2, 12), (17, 6), (17, 1), (4, 1)]
tket depth 28 SWAP 35
our depth 6 SWAP 5

16
[(3, 4), (3, 9), (3, 8), (4, 14), (4, 7), (5, 13), (5, 9), (5, 1), (13, 6), (13, 1), (8, 12), (8, 11), (12, 15), (12, 11), (2, 11), (2, 10), (2, 15), (10, 15), (10, 0), (6, 14), (6, 0), (14, 7), (9, 7), (0, 1)]
tket depth 23 SWAP 17
our depth 6 SWAP 6

16
[(4, 12), (4, 11), (4, 10), (12, 8), (12, 0), (5, 7), (5, 13), (5, 6), (7, 2), (7, 1), (13, 3), (13, 14), (3, 1), (3, 8), (0, 2), (0, 1), (2, 6), (8, 15), (9, 11), (9, 15), (9, 6), (11, 10), (15, 14), (14, 10)]
tket depth 22 SWAP 23
our depth 6 SWAP 7

18
[(6, 15), (6, 7), (6, 13), (15, 12), (15, 0), (3, 4), (3, 5), (3, 14), (4, 0), (4, 16), (5, 10), (5, 12), (10, 14), (10, 13), (9, 14), (9, 16), (9, 12), (2, 11), (2, 1), (2, 7), (11, 0), (11, 17), (17, 8), (17, 1), (16, 13), (1, 8), (8, 7)]
tket depth 24 SWAP 25
our depth 5 SWAP 8

20
[(7, 17), (7, 9), (7, 15), (17, 4), (17, 19), (4, 6), (4, 0), (6, 8), (6, 2), (14, 16), (14, 18), (14, 3), (16, 10), (16, 1), (0, 2), (0, 12), (2, 3), (8, 9), (8, 11), (9, 5), (5, 19), (5, 11), (19, 11), (10, 12), (10, 13), (12, 1), (1, 18), (18, 13), (3, 15), (15, 13)]
tket depth 37 SWAP 43
our depth 6 SWAP 7

14
[(10, 12), (10, 6), (10, 1), (12, 5), (12, 9), (1, 9), (1, 4), (9, 13), (2, 11), (2, 8), (2, 7), (11, 3), (11, 5), (8, 3), (8, 7), (5, 3), (13, 0), (13, 4), (0, 4), (0, 6), (7, 6)]
tket depth 18 SWAP 11
our depth 6 SWAP 7

14
[(3, 7), (3, 11), (3, 0), (7, 12), (7, 1), (4, 6), (4, 11), (4, 13), (6, 8), (6, 5), (5, 10), (5, 12), (10, 9), (10, 0), (9, 11), (9, 1), (1, 2), (2, 8), (2, 13), (8, 13), (12, 0)]
tket depth 19 SWAP 14
our depth 6 SWAP 6

12
[(9, 10), (9, 7), (9, 5), (10, 0), (10, 1), (3, 8), (3, 0), (3, 6), (8, 11), (8, 2), (0, 4), (4, 1), (4, 5), (2, 7), (2, 6), (7, 11), (6, 11), (1, 5)]
tket depth 15 SWAP 12
our depth 6 SWAP 8

12
[(9, 10), (9, 8), (9, 11), (10, 3), (10, 1), (0, 7), (0, 6), (0, 5), (7, 2), (7, 4), (3, 8), (3, 2), (8, 1), (2, 6), (1, 5), (5, 4), (6, 11), (11, 4)]
tket depth 18 SWAP 15
our depth 6 SWAP 5

10
[(0, 1), (0, 3), (0, 9), (1, 7), (1, 6), (2, 4), (2, 9), (2, 3), (4, 5), (4, 7), (3, 8), (8, 5), (8, 6), (5, 6), (9, 7)]
tket depth 16 SWAP 9
our depth 7 SWAP 6

10
[(0, 1), (0, 6), (0, 2), (1, 5), (1, 9), (2, 4), (2, 3), (4, 6), (4, 7), (5, 8), (5, 3), (8, 9), (8, 7), (9, 7), (6, 3)]
tket depth 13 SWAP 7
our depth 6 SWAP 7
18
[(4, 6), (4, 15), (4, 16), (6, 7), (6, 10), (5, 7), (5, 13), (5, 12), (7, 1), (13, 0), (13, 8), (14, 16), (14, 9), (14, 12), (16, 0), (15, 10), (15, 0), (9, 1), (9, 12), (2, 11), (2, 17), (2, 3), (11, 8), (11, 3), (1, 17), (10, 8), (17, 3)]
tket depth 23 SWAP 25
our depth 6 SWAP 7

16
[(4, 15), (4, 11), (4, 10), (15, 10), (15, 7), (0, 5), (0, 13), (0, 12), (5, 9), (5, 1), (2, 11), (2, 7), (2, 12), (11, 1), (1, 9), (9, 7), (10, 8), (13, 14), (13, 6), (14, 6), (14, 8), (6, 3), (3, 12), (3, 8)]
tket depth 22 SWAP 22
our depth 7 SWAP 5

20
[(6, 15), (6, 14), (6, 16), (15, 12), (15, 13), (3, 7), (3, 0), (3, 2), (7, 12), (7, 1), (5, 13), (5, 8), (5, 17), (13, 11), (17, 18), (17, 2), (18, 19), (18, 0), (2, 4), (14, 8), (14, 1), (19, 9), (19, 10), (12, 9), (8, 11), (11, 1), (9, 16), (16, 4), (4, 10), (0, 10)]
tket depth 28 SWAP 31
our depth 9 SWAP 15

20
[(6, 18), (6, 11), (6, 10), (18, 19), (18, 15), (3, 7), (3, 10), (3, 12), (7, 1), (7, 8), (10, 12), (14, 16), (14, 11), (14, 17), (16, 5), (16, 13), (0, 2), (0, 4), (0, 19), (2, 17), (2, 1), (5, 19), (5, 15), (9, 17), (9, 13), (9, 12), (8, 15), (8, 11), (1, 4), (13, 4)]
tket depth 25 SWAP 43
our depth 7 SWAP 15

22
[(3, 4), (3, 17), (3, 2), (4, 20), (4, 1), (5, 7), (5, 12), (5, 20), (7, 16), (7, 1), (14, 19), (14, 13), (14, 6), (19, 20), (19, 13), (8, 18), (8, 21), (8, 2), (18, 9), (18, 11), (21, 10), (21, 0), (1, 9), (9, 10), (0, 17), (0, 12), (17, 6), (2, 12), (10, 6), (13, 15), (16, 11), (16, 15), (11, 15)]
tket depth 30 SWAP 47
our depth 8 SWAP 15

22
[(12, 16), (12, 15), (12, 2), (16, 9), (16, 13), (3, 10), (3, 1), (3, 5), (10, 9), (10, 13), (8, 9), (8, 21), (8, 2), (0, 5), (0, 1), (0, 6), (5, 17), (1, 17), (21, 7), (21, 11), (2, 18), (6, 11), (6, 20), (11, 18), (20, 19), (20, 14), (15, 19), (15, 7), (14, 18), (14, 17), (19, 4), (13, 4), (7, 4)]
tket depth 28 SWAP 30
our depth 7 SWAP 16

16
[(6, 12), (6, 1), (6, 9), (12, 4), (12, 5), (3, 4), (3, 9), (3, 5), (4, 0), (1, 15), (1, 8), (8, 15), (8, 14), (15, 13), (2, 11), (2, 7), (2, 13), (11, 10), (11, 5), (7, 13), (7, 14), (9, 0), (14, 10), (10, 0)]
tket depth 21 SWAP 20
our depth 6 SWAP 8

16
[(3, 7), (3, 9), (3, 11), (7, 9), (7, 11), (4, 12), (4, 15), (4, 14), (12, 10), (12, 1), (15, 0), (15, 11), (0, 2), (0, 14), (2, 8), (2, 1), (5, 10), (5, 1), (5, 8), (10, 6), (14, 13), (8, 6), (13, 9), (13, 6)]
tket depth 24 SWAP 18
our depth 6 SWAP 6

20
[(6, 18), (6, 4), (6, 11), (18, 2), (18, 11), (4, 9), (4, 1), (9, 17), (9, 1), (12, 13), (12, 10), (12, 15), (13, 0), (13, 10), (14, 16), (14, 3), (14, 7), (16, 19), (16, 8), (5, 7), (5, 2), (5, 17), (7, 8), (0, 8), (0, 3), (2, 3), (17, 19), (1, 11), (10, 15), (15, 19)]
tket depth 31 SWAP 38
our depth 6 SWAP 7

16
[(6, 12), (6, 3), (6, 0), (12, 4), (12, 11), (4, 9), (4, 0), (9, 14), (9, 5), (5, 10), (5, 1), (10, 14), (10, 13), (14, 2), (0, 8), (8, 2), (8, 11), (1, 3), (1, 15), (3, 11), (2, 7), (15, 7), (15, 13), (7, 13)]
tket depth 25 SWAP 18
our depth 7 SWAP 6

18
[(7, 17), (7, 3), (7, 14), (17, 15), (17, 8), (3, 5), (3, 14), (4, 6), (4, 8), (4, 16), (6, 5), (6, 13), (5, 13), (13, 9), (8, 12), (12, 1), (12, 0), (0, 11), (0, 15), (11, 10), (11, 16), (1, 2), (1, 16), (15, 14), (9, 10), (9, 2), (10, 2)]
tket depth 21 SWAP 15
our depth 5 SWAP 7

16
[(6, 12), (6, 15), (6, 13), (12, 14), (12, 9), (15, 14), (15, 7), (5, 10), (5, 0), (5, 9), (10, 11), (10, 4), (0, 13), (0, 3), (9, 2), (4, 11), (4, 7), (11, 8), (14, 7), (8, 1), (8, 3), (1, 2), (1, 13), (2, 3)]
tket depth 21 SWAP 22
our depth 6 SWAP 6

18
[(7, 17), (7, 10), (7, 4), (17, 2), (17, 4), (3, 16), (3, 12), (3, 5), (16, 8), (16, 1), (0, 5), (0, 13), (0, 15), (5, 14), (1, 9), (1, 2), (9, 12), (9, 6), (2, 8), (8, 14), (10, 6), (10, 4), (12, 11), (14, 15), (15, 11), (11, 13), (13, 6)]
tket depth 27 SWAP 25
our depth 6 SWAP 6

16
[(4, 12), (4, 15), (4, 13), (12, 1), (12, 2), (3, 10), (3, 11), (3, 8), (10, 7), (10, 1), (15, 5), (15, 2), (0, 5), (0, 1), (0, 6), (5, 8), (11, 14), (11, 7), (14, 6), (14, 8), (7, 13), (6, 9), (13, 9), (9, 2)]
tket depth 23 SWAP 23
our depth 7 SWAP 7

16
[(4, 12), (4, 11), (4, 0), (12, 13), (12, 15), (3, 10), (3, 11), (3, 0), (10, 14), (10, 1), (5, 7), (5, 2), (5, 9), (7, 9), (7, 6), (13, 0), (13, 8), (9, 14), (14, 15), (2, 11), (2, 6), (1, 15), (1, 8), (6, 8)]
tket depth 16 SWAP 19
our depth 6 SWAP 6

18
[(3, 4), (3, 16), (3, 17), (4, 12), (4, 15), (12, 8), (12, 17), (14, 16), (14, 0), (14, 5), (16, 6), (5, 13), (5, 8), (13, 11), (13, 2), (15, 8), (15, 10), (9, 11), (9, 7), (9, 6), (11, 1), (0, 1), (0, 7), (10, 7), (10, 17), (1, 2), (2, 6)]
tket depth 31 SWAP 29
our depth 6 SWAP 7

18
[(4, 6), (4, 8), (4, 7), (6, 1), (6, 5), (14, 16), (14, 15), (14, 7), (16, 0), (16, 11), (5, 13), (5, 3), (13, 2), (13, 10), (1, 2), (1, 8), (9, 17), (9, 3), (9, 7), (17, 10), (17, 12), (3, 2), (8, 11), (12, 15), (12, 11), (15, 0), (0, 10)]
tket depth 26 SWAP 30
our depth 5 SWAP 7

20
[(12, 16), (12, 7), (12, 11), (16, 13), (16, 15), (4, 6), (4, 18), (4, 8), (6, 8), (6, 9), (3, 10), (3, 19), (3, 15), (10, 2), (10, 1), (19, 5), (19, 7), (18, 17), (18, 0), (5, 15), (5, 1), (17, 9), (17, 14), (9, 1), (0, 14), (0, 13), (14, 2), (2, 11), (11, 7), (8, 13)]
tket depth 35 SWAP 33
our depth 6 SWAP 7

20
[(6, 15), (6, 4), (6, 8), (15, 9), (15, 13), (4, 2), (4, 16), (12, 19), (12, 10), (12, 11), (19, 14), (19, 7), (5, 7), (5, 9), (5, 3), (7, 2), (14, 10), (14, 3), (8, 18), (8, 13), (18, 17), (18, 0), (9, 11), (11, 3), (17, 10), (17, 1), (0, 1), (0, 16), (1, 16), (2, 13)]
tket depth 23 SWAP 26
our depth 6 SWAP 7

20
[(6, 12), (6, 8), (6, 19), (12, 13), (12, 18), (13, 17), (13, 7), (3, 10), (3, 1), (3, 2), (10, 5), (10, 16), (4, 15), (4, 8), (4, 0), (15, 8), (15, 14), (5, 0), (5, 1), (0, 2), (2, 9), (1, 11), (17, 14), (17, 16), (7, 18), (7, 11), (14, 18), (9, 16), (9, 19), (19, 11)]
tket depth 33 SWAP 36
our depth 7 SWAP 14

20
[(6, 12), (6, 15), (6, 19), (12, 17), (12, 0), (15, 1), (15, 0), (4, 9), (4, 2), (4, 0), (9, 8), (9, 7), (3, 16), (3, 5), (3, 2), (16, 7), (16, 11), (5, 13), (5, 17), (13, 14), (13, 19), (8, 18), (8, 11), (18, 19), (18, 14), (14, 10), (2, 17), (1, 11), (1, 10), (7, 10)]
tket depth 37 SWAP 41
our depth 9 SWAP 15

20
[(3, 10), (3, 9), (3, 6), (10, 12), (10, 14), (4, 15), (4, 11), (4, 2), (15, 19), (15, 7), (8, 18), (8, 5), (8, 7), (18, 14), (18, 16), (1, 6), (1, 17), (1, 16), (6, 0), (2, 5), (2, 9), (5, 17), (12, 17), (12, 0), (13, 14), (13, 11), (13, 19), (16, 19), (9, 0), (11, 7)]
tket depth 34 SWAP 46
our depth 8 SWAP 13

18
[(6, 15), (6, 11), (6, 9), (15, 17), (15, 5), (12, 16), (12, 4), (12, 11), (16, 11), (16, 2), (3, 7), (3, 10), (3, 1), (7, 5), (7, 2), (4, 17), (4, 0), (10, 8), (10, 13), (5, 8), (0, 14), (0, 9), (14, 8), (14, 1), (1, 9), (13, 17), (13, 2)]
tket depth 30 SWAP 34
our depth 7 SWAP 14

18
[(3, 4), (3, 7), (3, 10), (4, 15), (4, 13), (7, 12), (7, 1), (10, 14), (10, 8), (15, 16), (15, 9), (9, 17), (9, 2), (17, 13), (17, 14), (0, 11), (0, 16), (0, 6), (11, 6), (11, 12), (2, 8), (2, 13), (8, 5), (6, 16), (5, 12), (5, 1), (14, 1)]
tket depth 20 SWAP 24
our depth 8 SWAP 13

22
[(6, 15), (6, 1), (6, 0), (15, 14), (15, 16), (18, 20), (18, 4), (18, 5), (20, 21), (20, 3), (12, 13), (12, 1), (12, 14), (13, 3), (13, 7), (3, 10), (10, 14), (10, 17), (0, 2), (0, 11), (2, 17), (2, 4), (4, 11), (1, 19), (8, 21), (8, 17), (8, 7), (21, 5), (11, 16), (16, 19), (19, 9), (7, 9), (5, 9)]
tket depth 38 SWAP 48
our depth 8 SWAP 16

16
[(3, 4), (3, 7), (3, 0), (4, 0), (4, 1), (7, 8), (7, 14), (2, 5), (2, 9), (2, 15), (5, 6), (5, 14), (1, 12), (1, 15), (12, 9), (12, 11), (15, 14), (6, 10), (6, 0), (10, 11), (10, 8), (11, 13), (9, 13), (13, 8)]
tket depth 21 SWAP 21
our depth 7 SWAP 15

20
[(12, 16), (12, 5), (12, 11), (16, 7), (16, 4), (14, 19), (14, 11), (14, 7), (19, 9), (19, 13), (8, 18), (8, 0), (8, 4), (18, 2), (18, 15), (0, 1), (0, 6), (11, 17), (17, 1), (17, 3), (10, 15), (10, 7), (10, 6), (15, 2), (4, 13), (6, 9), (9, 13), (5, 1), (5, 3), (3, 2)]
tket depth 27 SWAP 43
our depth 9 SWAP 15

22
[(6, 12), (6, 18), (6, 3), (12, 17), (12, 2), (18, 17), (18, 14), (3, 7), (3, 5), (7, 0), (7, 14), (4, 21), (4, 11), (4, 10), (21, 17), (21, 2), (0, 2), (0, 14), (5, 19), (5, 9), (19, 11), (19, 10), (9, 11), (9, 1), (1, 20), (1, 8), (15, 20), (15, 16), (15, 13), (20, 8), (8, 13), (13, 16), (16, 10)]
tket depth 28 SWAP 37
our depth 8 SWAP 15

22
[(15, 21), (15, 14), (15, 2), (21, 10), (21, 12), (16, 20), (16, 13), (16, 10), (20, 17), (20, 12), (3, 7), (3, 6), (3, 18), (7, 6), (7, 4), (14, 19), (14, 9), (19, 9), (19, 13), (9, 5), (8, 18), (8, 2), (8, 1), (18, 1), (2, 5), (5, 12), (0, 11), (0, 17), (0, 4), (11, 6), (11, 10), (17, 4), (1, 13)]
tket depth 26 SWAP 36
our depth 8 SWAP 14

22
[(16, 20), (16, 11), (16, 21), (20, 1), (20, 14), (6, 15), (6, 17), (6, 7), (15, 17), (15, 9), (3, 7), (3, 10), (3, 5), (7, 0), (4, 12), (4, 11), (4, 0), (12, 19), (12, 17), (10, 18), (10, 1), (19, 9), (19, 13), (5, 13), (5, 21), (13, 21), (8, 18), (8, 0), (8, 14), (18, 14), (2, 11), (2, 1), (2, 9)]
tket depth 27 SWAP 34
our depth 7 SWAP 14

18
[(7, 17), (7, 3), (7, 4), (17, 9), (17, 11), (6, 15), (6, 4), (6, 11), (15, 10), (15, 5), (12, 16), (12, 0), (12, 2), (16, 2), (16, 8), (3, 1), (3, 5), (4, 0), (9, 14), (9, 13), (14, 11), (14, 8), (2, 5), (0, 8), (1, 13), (1, 10), (10, 13)]
tket depth 27 SWAP 32
our depth 7 SWAP 14

22
[(6, 18), (6, 19), (6, 9), (18, 5), (18, 11), (3, 4), (3, 10), (3, 1), (4, 11), (4, 10), (12, 13), (12, 8), (12, 7), (13, 17), (13, 7), (10, 0), (0, 2), (0, 5), (2, 20), (2, 21), (8, 9), (8, 15), (9, 11), (5, 20), (15, 17), (15, 14), (19, 21), (19, 20), (21, 16), (1, 14), (1, 16), (17, 16), (7, 14)]
tket depth 30 SWAP 39
our depth 8 SWAP 14

22
[(15, 21), (15, 14), (15, 3), (21, 8), (21, 0), (12, 19), (12, 7), (12, 14), (19, 6), (19, 1), (5, 7), (5, 2), (5, 11), (7, 6), (3, 13), (3, 0), (13, 4), (13, 10), (9, 17), (9, 20), (9, 16), (17, 20), (17, 8), (2, 4), (2, 10), (8, 4), (20, 1), (1, 18), (18, 14), (18, 16), (6, 11), (11, 10), (16, 0)]
tket depth 29 SWAP 35
our depth 9 SWAP 16

22
[(12, 13), (12, 15), (12, 9), (13, 17), (13, 18), (3, 10), (3, 11), (3, 14), (10, 0), (10, 16), (5, 19), (5, 2), (5, 6), (19, 8), (19, 1), (2, 4), (2, 18), (0, 17), (0, 20), (17, 8), (11, 20), (11, 4), (20, 6), (1, 21), (1, 14), (21, 16), (21, 9), (6, 9), (4, 14), (15, 16), (15, 7), (8, 7), (7, 18)]
tket depth 35 SWAP 48
our depth 8 SWAP 16

