5 66
0 CNOT 2 4 0 0 
1 H 1 0 1 0
2 T 1 1 0
3 T 1 4 1 0
4 T 1 0 1 1
5 CNOT 2 4 1 2 3 2 
6 CNOT 2 0 4 2 4 5 
7 CNOT 2 1 0 2 5 6 
8 T 1 4 1 6
9 CNOT 2 1 4 2 7 8 
10 T 1 1 1 9
11 T 1 4 1 9
12 T 1 0 1 7
13 CNOT 2 0 4 2 12 11 
14 CNOT 2 1 0 2 10 13 
15 CNOT 2 4 1 2 13 14 
16 H 1 0 1 14
17 H 1 4 1 15
18 T 1 3 0
19 T 1 2 0
20 T 1 4 1 17
21 CNOT 2 2 3 2 19 18 
22 CNOT 2 4 2 2 20 21 
23 CNOT 2 3 4 2 21 22 
24 T 1 2 1 22
25 CNOT 2 3 2 2 23 24 
26 T 1 3 1 25
27 T 1 2 1 25
28 T 1 4 1 23
29 CNOT 2 4 2 2 28 27 
30 CNOT 2 3 4 2 26 29 
31 CNOT 2 2 3 2 29 30 
32 H 1 4 1 30
33 H 1 0 1 16
34 T 1 1 1 15
35 T 1 4 1 32
36 T 1 0 1 33
37 CNOT 2 4 1 2 35 34 
38 CNOT 2 0 4 2 36 37 
39 CNOT 2 1 0 2 37 38 
40 T 1 4 1 38
41 CNOT 2 1 4 2 39 40 
42 T 1 1 1 41
43 T 1 4 1 41
44 T 1 0 1 39
45 CNOT 2 0 4 2 44 43 
46 CNOT 2 1 0 2 42 45 
47 CNOT 2 4 1 2 45 46 
48 H 1 0 1 46
49 H 1 4 1 47
50 T 1 3 1 31
51 T 1 2 1 31
52 T 1 4 1 49
53 CNOT 2 2 3 2 51 50 
54 CNOT 2 4 2 2 52 53 
55 CNOT 2 3 4 2 53 54 
56 T 1 2 1 54
57 CNOT 2 3 2 2 55 56 
58 T 1 3 1 57
59 T 1 2 1 57
60 T 1 4 1 55
61 CNOT 2 4 2 2 60 59 
62 CNOT 2 3 4 2 58 61 
63 CNOT 2 2 3 2 61 62 
64 H 1 4 1 62
65 CNOT 2 0 4 2 48 64 
