7 55
0 H 1 4 0
1 H 1 5 0
2 H 1 6 0
3 CNOT 2 1 4 1 0 
4 T 1 4 1 3
5 CNOT 2 0 4 1 4 
6 T 1 4 1 5
7 CNOT 2 1 4 2 3 6 
8 T 1 4 1 7
9 CNOT 2 0 4 2 5 8 
10 T 1 4 1 9
11 H 1 4 1 10
12 CNOT 2 4 5 2 11 1 
13 T 1 5 1 12
14 CNOT 2 2 5 1 13 
15 T 1 5 1 14
16 CNOT 2 4 5 2 12 15 
17 T 1 5 1 16
18 CNOT 2 2 5 2 14 17 
19 T 1 5 1 18
20 H 1 5 1 19
21 CNOT 2 5 6 2 20 2 
22 T 1 6 1 21
23 CNOT 2 3 6 1 22 
24 T 1 6 1 23
25 CNOT 2 5 6 2 21 24 
26 T 1 6 1 25
27 CNOT 2 3 6 2 23 26 
28 CNOT 2 3 5 2 27 25 
29 T 1 6 1 27
30 T 1 5 1 28
31 H 1 6 1 29
32 CNOT 2 3 5 2 28 30 
33 T 1 3 1 32
34 T 1 5 1 32
35 H 1 5 1 34
36 CNOT 2 4 5 2 16 35 
37 T 1 5 1 36
38 CNOT 2 2 5 2 18 37 
39 T 1 5 1 38
40 CNOT 2 4 5 2 36 39 
41 H 1 4 1 40
42 T 1 5 1 40
43 CNOT 2 1 4 2 7 41 
44 CNOT 2 2 5 2 38 42 
45 T 1 4 1 43
46 T 1 5 1 44
47 CNOT 2 0 4 2 9 45 
48 H 1 5 1 46
49 T 1 4 1 47
50 CNOT 2 1 4 2 43 49 
51 T 1 4 1 50
52 CNOT 2 0 4 2 47 51 
53 T 1 4 1 52
54 H 1 4 1 53
