5 35
0 CNOT 2 1 3 0 
1 X 1 3 1 0
2 H 1 4 0
3 T 1 3 1 1
4 T 1 0 0
5 T 1 4 1 2
6 CNOT 2 0 3 2 4 3 
7 CNOT 2 4 0 2 5 6 
8 CNOT 2 3 4 2 6 7 
9 T 1 0 1 7
10 CNOT 2 3 0 2 8 9 
11 T 1 3 1 10
12 T 1 0 1 10
13 T 1 4 1 8
14 CNOT 2 4 0 2 13 12 
15 CNOT 2 3 4 2 11 14 
16 CNOT 2 0 3 2 14 15 
17 H 1 4 1 15
18 H 1 4 1 17
19 T 1 3 1 16
20 T 1 2 0
21 T 1 4 1 18
22 CNOT 2 2 3 2 20 19 
23 CNOT 2 4 2 2 21 22 
24 CNOT 2 3 4 2 22 23 
25 T 1 2 1 23
26 CNOT 2 3 2 2 24 25 
27 T 1 3 1 26
28 T 1 2 1 26
29 T 1 4 1 24
30 CNOT 2 4 2 2 29 28 
31 CNOT 2 3 4 2 27 30 
32 CNOT 2 2 3 2 30 31 
33 H 1 4 1 31
34 CNOT 2 3 4 2 32 33 
